0.0000000	0.0000000
0.020000000	180.48415
0.040000000	181.35545
0.060000000	179.29161
0.080000000	178.20094
0.10000000	177.08325
0.12000000	176.19743
0.14000000	174.26927
0.16000000	173.92659
0.18000000	174.53670
0.20000000	175.67653
0.22000000	176.07957
0.24000000	176.07930
0.26000000	176.44951
0.28000000	177.21425
0.30000000	178.47847
0.32000000	184.35133
0.34000000	194.90361
0.36000000	213.07120
0.38000000	233.56061
0.40000000	258.04038
0.42000000	286.48707
0.44000000	302.81608
0.46000000	323.52768
0.48000000	341.10057
0.50000000	359.54760
0.52000000	375.73635
0.54000000	392.91408
0.56000000	406.10897
0.58000000	422.25070
0.60000000	443.35960
0.62000000	467.30613
0.64000000	507.35954
0.66000000	563.89138
0.68000000	645.77055
0.70000000	744.19262
0.72000000	872.72526
0.74000000	982.43253
0.76000000	1094.9066
0.78000000	1171.5996
0.80000000	1222.3851
0.82000000	1258.4776
0.84000000	1278.9139
0.86000000	1294.8268
0.88000000	1305.2796
0.90000000	1313.2503
0.92000000	1319.4545
0.94000000	1325.1534
0.96000000	1329.2867
0.98000000	1334.0260
1.0000000	1338.1555
1.0200000	1341.2355
1.0400000	1343.9961
1.0600000	1347.0218
1.0800000	1349.5387
1.1000000	1352.3277
1.1200000	1354.6216
1.1400000	1357.2207
1.1600000	1359.1453
1.1800000	1362.1758
1.2000000	1365.1357
1.2200000	1368.7305
1.2400000	1371.7434
1.2600000	1374.9968
1.2800000	1378.1132
1.3000000	1381.6849
1.3200000	1385.7457
1.3400000	1390.8589
1.3600000	1395.5750
1.3800000	1400.2462
1.4000000	1406.0475
1.4200000	1411.7862
1.4400000	1419.1607
1.4600000	1427.5471
1.4800000	1436.5395
1.5000000	1448.3246
1.5200000	1463.3807
1.5400000	1482.3960
1.5600000	1509.4777
1.5800000	1553.1358
1.6000000	1620.0596
1.6200000	1748.6845
1.6400000	1999.5812
1.6600000	2477.4214
1.6800000	3491.5239
1.7000000	5209.0786
1.7200000	7556.7931
1.7400000	10008.106
1.7600000	10512.318
1.7800000	9227.3422
1.8000000	6455.8152
1.8200000	4317.5782
1.8400000	2970.1119
1.8600000	2284.9169
1.8800000	2010.0533
1.9000000	1906.4793
1.9200000	1945.6164
1.9400000	2131.9278
1.9600000	2516.8767
1.9800000	3243.7762
2.0000000	4068.1184
2.0200000	4700.9257
2.0400000	4619.0507
2.0600000	3957.0720
2.0800000	3056.3200
2.1000000	2426.8798
2.1200000	2059.8667
2.1400000	1893.3892
2.1600000	1819.1058
2.1800000	1784.4799
2.2000000	1769.8026
2.2200000	1762.2075
2.2400000	1753.7617
2.2600000	1741.7853
2.2800000	1730.0038
2.3000000	1720.6655
2.3200000	1713.6932
2.3400000	1708.6296
2.3600000	1704.0980
2.3800000	1700.6282
2.4000000	1698.9879
2.4200000	1698.0926
2.4400000	1699.2714
2.4600000	1702.4213
2.4800000	1710.1795
2.5000000	1727.7662
2.5200000	1762.6970
2.5400000	1835.7173
2.5600000	1984.9618
2.5800000	2286.7460
2.6000000	2899.9730
2.6200000	4040.4186
2.6400000	5705.8103
2.6600000	7583.4661
2.6800000	8419.2719
2.7000000	7876.7827
2.7200000	6105.6598
2.7400000	4453.6929
2.7600000	3477.7576
2.7800000	3369.3140
2.8000000	4066.8246
2.8200000	5442.0037
2.8400000	7311.8536
2.8600000	8409.8191
2.8800000	8217.9334
2.9000000	6554.7922
2.9200000	4708.0388
2.9400000	3251.1750
2.9600000	2434.3649
2.9800000	2050.2761
3.0000000	1862.6989
3.0200000	1795.7813
3.0400000	1797.3908
3.0600000	1870.3646
3.0800000	2056.2018
3.1000000	2442.5576
3.1200000	3265.1159
3.1400000	4756.8223
3.1600000	6988.4097
3.1800000	9674.8707
3.2000000	11145.688
3.2200000	10713.572
3.2400000	8330.3153
3.2600000	5779.8400
3.2800000	3922.1669
3.3000000	2962.2408
3.3200000	2645.6268
3.3400000	2606.0854
3.3600000	2659.7485
3.3800000	2711.2560
3.4000000	2874.4363
3.4200000	3471.9957
3.4400000	4832.5883
3.4600000	7252.8334
3.4800000	10552.640
3.5000000	12937.903
3.5200000	13217.347
3.5400000	10813.702
3.5600000	7565.6136
3.5800000	4814.5812
3.6000000	3270.1316
3.6200000	2530.1995
3.6400000	2205.4243
3.6600000	2035.8175
3.6800000	1887.4012
3.7000000	1742.1643
3.7200000	1642.6616
3.7400000	1587.1030
3.7600000	1577.7547
3.7800000	1616.4722
3.8000000	1719.0564
3.8200000	1952.7430
3.8400000	2402.5766
3.8600000	3201.9424
3.8800000	4480.6983
3.9000000	5845.5649
3.9200000	6721.6001
3.9400000	6427.5559
3.9600000	5220.7139
3.9800000	3749.8842
4.0000000	2695.0621
4.0200000	2132.5737
4.0400000	1846.5410
4.0600000	1710.2220
4.0800000	1604.6606
4.1000000	1508.8708
4.1200000	1436.2951
4.1400000	1391.2706
4.1600000	1365.8032
4.1800000	1355.0366
4.2000000	1353.6403
4.2200000	1361.5258
4.2400000	1381.9647
4.2600000	1423.1077
4.2800000	1505.1680
4.3000000	1669.3577
4.3200000	1974.8576
4.3400000	2571.6377
4.3600000	3551.6639
4.3800000	4891.2300
4.4000000	6239.4296
4.4200000	6706.2502
4.4400000	6150.6445
4.4600000	4845.0203
4.4800000	3788.7513
4.5000000	3217.0880
4.5200000	3018.4187
4.5400000	2837.3263
4.5600000	2510.7922
4.5800000	2093.5736
4.6000000	1767.6832
4.6200000	1561.0042
4.6400000	1450.7100
4.6600000	1397.8539
4.6800000	1370.2503
4.7000000	1359.9660
4.7200000	1364.8131
4.7400000	1388.7421
4.7600000	1442.3060
4.7800000	1542.2077
4.8000000	1713.3289
4.8200000	1956.9987
4.8400000	2203.6468
4.8600000	2347.6888
4.8800000	2301.7892
4.9000000	2158.3567
4.9200000	2038.2633
4.9400000	2017.7925
4.9600000	2016.4024
4.9800000	1954.7362
5.0000000	1839.7680
5.0200000	1740.3204
5.0400000	1730.0865
5.0600000	1847.2392
5.0800000	2134.5426
5.1000000	2691.3809
5.1200000	3548.3865
5.1400000	4602.2043
5.1600000	5465.8326
5.1800000	5681.3937
5.2000000	5411.4192
5.2200000	5134.2992
5.2400000	5292.7859
5.2600000	5787.2206
5.2800000	6410.5373
5.3000000	7419.8517
5.3200000	9123.5923
5.3400000	11320.218
5.3600000	12507.983
5.3800000	11725.397
5.4000000	9058.7839
5.4200000	6208.4187
5.4400000	4010.7997
5.4600000	2812.8177
5.4800000	2200.8791
5.5000000	1915.7555
5.5200000	1804.5034
5.5400000	1809.7425
5.5600000	1931.3315
5.5800000	2197.5817
5.6000000	2618.8995
5.6200000	3144.4001
5.6400000	3544.0045
5.6600000	3735.1574
5.6800000	3813.1285
5.7000000	3987.0865
5.7200000	4186.0829
5.7400000	4130.0590
5.7600000	3651.9206
5.7800000	2943.2229
5.8000000	2311.5490
5.8200000	1920.9387
5.8400000	1705.6780
5.8600000	1590.8290
5.8800000	1537.6109
5.9000000	1527.1162
5.9200000	1563.3550
5.9400000	1652.2047
5.9600000	1787.2807
5.9800000	1933.7962
6.0000000	2016.8832
6.0200000	2030.2130
6.0400000	2015.5993
6.0600000	2020.8871
6.0800000	2016.2932
6.1000000	1938.0468
6.1200000	1797.5565
6.1400000	1646.8404
6.1600000	1540.9067
6.1800000	1484.1805
6.2000000	1459.3446
6.2200000	1463.7391
6.2400000	1502.8965
6.2600000	1590.7231
6.2800000	1750.2708
6.3000000	1980.9694
6.3200000	2288.6582
6.3400000	2694.5177
6.3600000	3219.9160
6.3800000	3882.7967
6.4000000	4412.6136
6.4200000	4471.4667
6.4400000	3995.2743
6.4600000	3291.9869
6.4800000	2790.1190
6.5000000	2681.3624
6.5200000	2961.5203
6.5400000	3457.9995
6.5600000	3945.9930
6.5800000	4115.5078
6.6000000	4009.2726
6.6200000	3814.7760
6.6400000	3738.2007
6.6600000	3787.8115
6.6800000	3952.7391
6.7000000	4177.3656
6.7200000	4260.4309
6.7400000	3973.5161
6.7600000	3343.4344
6.7800000	2651.7775
6.8000000	2132.3776
6.8200000	1837.3384
6.8400000	1705.3472
6.8600000	1689.6057
6.8800000	1780.2817
6.9000000	1977.9249
6.9200000	2249.4722
6.9400000	2465.9793
6.9600000	2518.7952
6.9800000	2370.7613
7.0000000	2155.4461
7.0200000	1952.9775
7.0400000	1802.0312
7.0600000	1685.2935
7.0800000	1593.3405
7.1000000	1526.1563
7.1200000	1481.0354
7.1400000	1456.3973
7.1600000	1463.8123
7.1800000	1516.6797
7.2000000	1614.8684
7.2200000	1735.0494
7.2400000	1819.7595
7.2600000	1847.8067
7.2800000	1829.1811
7.3000000	1793.6545
7.3200000	1737.9778
7.3400000	1654.6969
7.3600000	1566.4221
7.3800000	1503.1563
7.4000000	1489.8766
7.4200000	1532.6237
7.4400000	1650.2064
7.4600000	1867.4071
7.4800000	2162.7252
7.5000000	2461.5464
7.5200000	2596.3639
7.5400000	2493.2452
7.5600000	2221.7190
7.5800000	1951.3073
7.6000000	1809.3289
7.6200000	1817.1057
7.6400000	1983.8217
7.6600000	2325.1567
7.6800000	2845.5641
7.7000000	3427.7601
7.7200000	3824.7875
7.7400000	3915.3092
7.7600000	3768.7324
7.7800000	3668.4152
7.8000000	3796.3324
7.8200000	4165.5906
7.8400000	4504.2785
7.8600000	4520.0044
7.8800000	4020.4297
7.9000000	3282.9633
7.9200000	2583.0150
7.9400000	2160.2490
7.9600000	1996.6978
7.9800000	2031.8318
8.0000000	2237.7291
8.0200000	2556.6597
8.0400000	2924.1961
8.0600000	3247.3885
8.0800000	3472.0326
8.1000000	3558.6275
8.1200000	3403.0076
8.1400000	3007.6997
8.1600000	2495.5779
8.1800000	2060.7607
8.2000000	1808.2494
8.2200000	1720.0017
8.2400000	1770.8150
8.2600000	1916.3084
8.2800000	2092.8224
8.3000000	2188.1480
8.3200000	2148.1880
8.3400000	1989.9018
8.3600000	1803.5881
8.3800000	1651.8729
8.4000000	1540.4114
8.4200000	1474.2448
8.4400000	1447.2208
8.4600000	1460.0986
8.4800000	1516.5901
8.5000000	1617.8661
8.5200000	1776.7907
8.5400000	1986.5087
8.5600000	2236.7473
8.5800000	2484.2197
8.6000000	2624.0104
8.6200000	2582.1560
8.6400000	2381.3480
8.6600000	2165.6490
8.6800000	2067.4900
8.7000000	2114.3539
8.7200000	2266.8593
8.7400000	2479.0243
8.7600000	2764.0649
8.7800000	3160.1529
8.8000000	3646.1826
8.8200000	4122.2210
8.8400000	4298.7686
8.8600000	4020.5683
8.8800000	3367.7330
8.9000000	2641.7018
8.9200000	2111.5468
8.9400000	1807.7979
8.9600000	1692.5967
8.9800000	1686.8384
9.0000000	1719.6367
9.0200000	1729.2498
9.0400000	1691.5433
9.0600000	1616.9543
9.0800000	1537.8067
9.1000000	1475.7840
9.1200000	1437.7034
9.1400000	1435.4893
9.1600000	1480.0664
9.1800000	1581.8350
9.2000000	1739.8662
9.2200000	1902.2016
9.2400000	2006.2055
9.2600000	1991.4691
9.2800000	1881.9690
9.3000000	1733.0915
9.3200000	1599.0125
9.3400000	1503.0296
9.3600000	1449.5206
9.3800000	1445.7743
9.4000000	1493.5318
9.4200000	1585.2095
9.4400000	1693.4011
9.4600000	1766.5697
9.4800000	1778.5454
9.5000000	1738.8698
9.5200000	1704.7348
9.5400000	1726.7249
9.5600000	1849.5423
9.5800000	2078.3776
9.6000000	2366.0448
9.6200000	2627.4830
9.6400000	2766.4878
9.6600000	2806.4453
9.6800000	2812.5651
9.7000000	2826.3149
9.7200000	2800.2271
9.7400000	2646.4251
9.7600000	2362.8654
9.7800000	2028.2391
9.8000000	1749.9020
9.8200000	1592.5536
9.8400000	1541.1055
9.8600000	1575.5553
9.8800000	1666.2065
9.9000000	1783.4159
9.9200000	1884.6829
9.9400000	1907.4673
9.9600000	1835.5995
9.9800000	1693.7622
10.000000	1558.5129
10.020000	1474.5268
10.040000	1457.5570
10.060000	1493.9902
10.080000	1557.2281
10.100000	1621.7158
10.120000	1660.5553
10.140000	1664.4292
10.160000	1632.6951
10.180000	1583.2070
10.200000	1547.5014
10.220000	1559.4818
10.240000	1646.2040
10.260000	1799.3816
10.280000	1991.5930
10.300000	2155.2120
10.320000	2240.2169
10.340000	2239.0558
10.360000	2177.1554
10.380000	2118.5190
10.400000	2117.1241
10.420000	2197.9443
10.440000	2320.9461
10.460000	2456.2771
10.480000	2629.3556
10.500000	2883.6151
10.520000	3185.5912
10.540000	3371.3144
10.560000	3262.1085
10.580000	2879.9755
10.600000	2384.2447
10.620000	2001.6528
10.640000	1779.6839
10.660000	1692.8313
10.680000	1678.1500
10.700000	1665.7997
10.720000	1626.0026
10.740000	1564.9632
10.760000	1504.5488
10.780000	1463.8864
10.800000	1460.8238
10.820000	1503.5948
10.840000	1589.8346
10.860000	1687.8662
10.880000	1747.2750
10.900000	1730.2799
10.920000	1644.4293
10.940000	1536.0723
10.960000	1444.6226
10.980000	1392.2123
11.000000	1376.9728
11.020000	1393.2318
11.040000	1429.5765
11.060000	1466.4031
11.080000	1490.1045
11.100000	1498.8330
11.120000	1515.8275
11.140000	1567.7682
11.160000	1679.9192
11.180000	1836.7230
11.200000	2018.3936
11.220000	2197.4800
11.240000	2376.9876
11.260000	2572.1352
11.280000	2753.2494
11.300000	2809.3228
11.320000	2672.3857
11.340000	2372.2718
11.360000	2052.2607
11.380000	1824.0627
11.400000	1720.3932
11.420000	1708.5333
11.440000	1721.7625
11.460000	1712.7375
11.480000	1662.0508
11.500000	1583.4590
11.520000	1498.0449
11.540000	1431.4581
11.560000	1397.6289
11.580000	1394.7459
11.600000	1413.1894
11.620000	1436.0313
11.640000	1451.6653
11.660000	1454.2764
11.680000	1448.6902
11.700000	1447.6711
11.720000	1470.5152
11.740000	1536.1812
11.760000	1648.2396
11.780000	1800.0943
11.800000	1949.0332
11.820000	2059.7150
11.840000	2105.0344
11.860000	2092.8831
11.880000	2071.1650
11.900000	2079.0902
11.920000	2117.1867
11.940000	2153.7350
11.960000	2168.5924
11.980000	2157.8543
12.000000	2113.5720
12.020000	2018.1099
12.040000	1866.9816
12.060000	1709.1026
12.080000	1581.3877
12.100000	1514.1034
12.120000	1492.4152
12.140000	1484.3142
12.160000	1462.6067
12.180000	1425.7959
12.200000	1385.6894
12.220000	1358.6921
12.240000	1357.3793
12.260000	1382.7781
12.280000	1430.9105
12.300000	1481.1310
12.320000	1512.3440
12.340000	1511.4218
12.360000	1480.4606
12.380000	1438.0508
12.400000	1404.0306
12.420000	1395.4846
12.440000	1413.8977
12.460000	1446.5276
12.480000	1473.7683
12.500000	1486.1678
12.520000	1494.9275
12.540000	1522.5996
12.560000	1582.4092
12.580000	1665.1408
12.600000	1744.8159
12.620000	1795.3192
12.640000	1816.5780
12.660000	1813.9262
12.680000	1785.0254
12.700000	1724.6575
12.720000	1645.6119
12.740000	1584.0934
12.760000	1573.8772
12.780000	1625.3290
12.800000	1723.4116
12.820000	1822.9409
12.840000	1874.6275
12.860000	1842.2829
12.880000	1745.2868
12.900000	1632.7050
12.920000	1554.8251
12.940000	1525.3971
12.960000	1519.4009
12.980000	1508.9881
13.000000	1480.6996
13.020000	1444.1315
13.040000	1415.7539
13.060000	1412.9916
13.080000	1443.2262
13.100000	1505.3116
13.120000	1588.1749
13.140000	1662.6620
13.160000	1708.8467
13.180000	1717.0108
13.200000	1710.0008
13.220000	1722.1246
13.240000	1781.9219
13.260000	1888.8724
13.280000	2016.2055
13.300000	2117.7157
13.320000	2131.9442
13.340000	2039.7313
13.360000	1870.2331
13.380000	1691.5310
13.400000	1560.0630
13.420000	1479.5600
13.440000	1432.0399
13.460000	1393.4485
13.480000	1354.5885
13.500000	1319.1259
13.520000	1295.8025
13.540000	1287.4012
13.560000	1293.2766
13.580000	1308.2877
13.600000	1324.5110
13.620000	1334.6400
13.640000	1333.2760
13.660000	1324.0995
13.680000	1315.0585
13.700000	1314.6430
13.720000	1322.9734
13.740000	1334.5072
13.760000	1344.1569
13.780000	1355.8544
13.800000	1381.3692
13.820000	1435.2910
13.840000	1524.8368
13.860000	1644.1645
13.880000	1778.7183
13.900000	1892.0382
13.920000	1943.4307
13.940000	1911.4761
13.960000	1805.5717
13.980000	1682.4228
14.000000	1589.6244
14.020000	1557.7707
14.040000	1576.8683
14.060000	1610.1032
14.080000	1618.9354
14.100000	1584.0748
14.120000	1521.3566
14.140000	1459.2855
14.160000	1420.3556
14.180000	1404.4641
14.200000	1397.4002
14.220000	1388.1589
14.240000	1376.2004
14.260000	1370.1041
14.280000	1381.2062
14.300000	1414.6502
14.320000	1464.4564
14.340000	1518.9143
14.360000	1566.2340
14.380000	1606.6484
14.400000	1648.7113
14.420000	1694.2557
14.440000	1729.0981
14.460000	1737.8134
14.480000	1711.3079
14.500000	1657.3746
14.520000	1585.8523
14.540000	1508.4037
14.560000	1441.1754
14.580000	1395.9230
14.600000	1372.6217
14.620000	1360.0074
14.640000	1343.4377
14.660000	1317.6860
14.680000	1287.6009
14.700000	1263.3689
14.720000	1250.6662
14.740000	1248.9356
14.760000	1253.1432
14.780000	1256.3594
14.800000	1255.4342
14.820000	1251.5181
14.840000	1249.7404
14.860000	1253.6802
14.880000	1264.1606
14.900000	1277.5795
14.920000	1291.8594
14.940000	1310.1893
14.960000	1339.8080
14.980000	1388.1371
15.000000	1459.0212
15.020000	1550.9057
15.040000	1645.9256
15.060000	1719.8245
15.080000	1739.4351
15.100000	1693.6663
15.120000	1607.3185
15.140000	1515.1724
15.160000	1446.2365
15.180000	1396.3189
15.200000	1354.5953
15.220000	1314.1909
15.240000	1282.1345
15.260000	1263.9452
15.280000	1262.0140
15.300000	1270.8281
15.320000	1281.8130
15.340000	1288.8645
15.360000	1290.9468
15.380000	1294.4306
15.400000	1308.1399
15.420000	1340.8827
15.440000	1390.3954
15.460000	1448.7746
15.480000	1500.3137
15.500000	1534.7270
15.520000	1553.5667
15.540000	1564.1419
15.560000	1571.0128
15.580000	1571.1028
15.600000	1557.1570
15.620000	1521.3255
15.640000	1466.1062
15.660000	1401.5703
15.680000	1342.4099
15.700000	1299.9408
15.720000	1274.3238
15.740000	1260.0117
15.760000	1253.2276
15.780000	1254.4235
15.800000	1264.4688
15.820000	1282.3950
15.840000	1300.8617
15.860000	1312.1637
15.880000	1312.4129
15.900000	1304.8604
15.920000	1298.4153
15.940000	1298.8982
15.960000	1307.0022
15.980000	1319.2072
16.000000	1334.4254
16.020000	1357.4045
16.040000	1394.9655
16.060000	1447.8653
16.080000	1509.8208
16.100000	1567.6820
16.120000	1603.9553
16.140000	1606.7564
16.160000	1570.3075
16.180000	1506.4663
16.200000	1438.5900
16.220000	1385.4840
16.240000	1353.1734
16.260000	1333.3295
16.280000	1315.4415
16.300000	1295.8900
16.320000	1278.1221
16.340000	1265.0833
16.360000	1256.8170
16.380000	1250.9939
16.400000	1245.7915
16.420000	1242.7589
16.440000	1246.3285
16.460000	1260.1734
16.480000	1283.5661
16.500000	1312.1397
16.520000	1339.0727
16.540000	1361.8235
16.560000	1385.7311
16.580000	1420.6840
16.600000	1470.1147
16.620000	1524.1970
16.640000	1561.8596
16.660000	1559.5906
16.680000	1515.4802
16.700000	1445.5612
16.720000	1373.1763
16.740000	1315.7803
16.760000	1273.9139
16.780000	1243.2472
16.800000	1221.8154
16.820000	1209.4680
16.840000	1205.3328
16.860000	1206.6107
16.880000	1208.8118
16.900000	1209.4122
16.920000	1208.7674
16.940000	1209.4277
16.960000	1213.4614
16.980000	1220.8649
17.000000	1230.1159
17.020000	1240.7734
17.040000	1255.7639
17.060000	1277.0615
17.080000	1302.3620
17.100000	1323.8412
17.120000	1334.0048
17.140000	1328.0264
17.160000	1309.6889
17.180000	1289.0321
17.200000	1276.4798
17.220000	1277.6317
17.240000	1287.4044
17.260000	1295.1620
17.280000	1291.2986
17.300000	1275.2723
17.320000	1254.2146
17.340000	1235.8583
17.360000	1223.5001
17.380000	1215.5423
17.400000	1209.3238
17.420000	1205.2848
17.440000	1205.8710
17.460000	1212.2922
17.480000	1224.4413
17.500000	1241.3484
17.520000	1262.5824
17.540000	1288.0311
17.560000	1316.3548
17.580000	1341.1048
17.600000	1355.9744
17.620000	1354.0192
17.640000	1332.1825
17.660000	1295.7045
17.680000	1254.1762
17.700000	1217.8597
17.720000	1192.9403
17.740000	1179.9118
17.760000	1176.3223
17.780000	1180.3724
17.800000	1188.9607
17.820000	1197.5428
17.840000	1201.3702
17.860000	1197.6698
17.880000	1188.3322
17.900000	1177.9466
17.920000	1170.5172
17.940000	1168.2483
17.960000	1171.3613
17.980000	1180.7036
18.000000	1197.2660
18.020000	1220.7927
18.040000	1248.5692
18.060000	1275.0606
18.080000	1292.2098
18.100000	1295.5806
18.120000	1287.0005
18.140000	1273.4190
18.160000	1262.8991
18.180000	1257.6176
18.200000	1253.9029
18.220000	1246.3649
18.240000	1233.6738
18.260000	1218.6939
18.280000	1205.6322
18.300000	1197.4540
18.320000	1195.0096
18.340000	1199.0792
18.360000	1211.3820
18.380000	1232.1346
18.400000	1258.1319
18.420000	1283.3358
18.440000	1301.0072
18.460000	1309.9744
18.480000	1313.7206
18.500000	1317.1496
18.520000	1320.7133
18.540000	1319.5487
18.560000	1308.0213
18.580000	1284.2463
18.600000	1254.0359
18.620000	1224.4487
18.640000	1200.7081
18.660000	1185.3581
18.680000	1177.4732
18.700000	1175.7211
18.720000	1178.1691
18.740000	1182.5897
18.760000	1186.4018
18.780000	1188.5123
18.800000	1189.8256
18.820000	1192.5807
18.840000	1197.8203
18.860000	1205.9180
18.880000	1216.8599
18.900000	1231.7417
18.920000	1251.3437
18.940000	1274.4506
18.960000	1296.3258
18.980000	1309.8804
19.000000	1310.2069
19.020000	1296.3454
19.040000	1274.1907
19.060000	1251.7002
19.080000	1234.2267
19.100000	1222.3776
19.120000	1213.5258
19.140000	1205.0728
19.160000	1196.9530
19.180000	1189.8606
19.200000	1184.2899
19.220000	1179.9701
19.240000	1178.1496
19.260000	1181.2810
19.280000	1190.5610
19.300000	1205.1916
19.320000	1222.3540
19.340000	1239.0466
19.360000	1254.3783
19.380000	1268.5757
19.400000	1279.9440
19.420000	1284.5388
19.440000	1279.1883
19.460000	1263.7314
19.480000	1241.4547
19.500000	1217.4791
19.520000	1195.1448
19.540000	1175.2307
19.560000	1158.3164
19.580000	1145.2126
19.600000	1136.3703
19.620000	1131.0565
19.640000	1128.5645
19.660000	1128.2375
19.680000	1129.2543
19.700000	1131.6814
19.720000	1136.6181
19.740000	1144.3896
19.760000	1155.0636
19.780000	1167.4389
19.800000	1179.0296
19.820000	1186.3817
19.840000	1187.1232
19.860000	1180.8839
19.880000	1170.9865
19.900000	1160.8257
19.920000	1152.5772
19.940000	1146.4127
19.960000	1142.1177
19.980000	1138.6974
20.000000	1135.9883
20.020000	1134.5164
20.040000	1134.2158
20.060000	1134.4076
20.080000	1134.3038
20.100000	1134.4666
20.120000	1136.1924
20.140000	1140.6593
20.160000	1147.5283
20.180000	1155.4589
20.200000	1163.5604
20.220000	1171.8959
20.240000	1179.1779
20.260000	1183.0139
20.280000	1180.7743
20.300000	1171.5748
20.320000	1156.8235
20.340000	1140.8979
20.360000	1126.9983
20.380000	1116.4570
20.400000	1109.6931
20.420000	1106.0637
20.440000	1104.1433
20.460000	1103.3397
20.480000	1102.6310
20.500000	1101.3557
20.520000	1100.2186
20.540000	1100.8389
20.560000	1105.1291
20.580000	1113.7051
20.600000	1128.0160
20.620000	1149.1546
20.640000	1175.4616
20.660000	1201.6051
20.680000	1220.6998
20.700000	1227.4695
20.720000	1220.2653
20.740000	1203.7796
20.760000	1184.2421
20.780000	1166.1329
20.800000	1151.0088
20.820000	1138.5217
20.840000	1128.1760
20.860000	1120.0976
20.880000	1115.1431
20.900000	1114.2897
20.920000	1117.7438
20.940000	1124.7148
20.960000	1133.8870
20.980000	1142.8810
21.000000	1150.4772
21.020000	1155.7908
21.040000	1158.6007
21.060000	1158.2221
21.080000	1153.9537
21.100000	1145.5972
21.120000	1134.0535
21.140000	1121.6442
21.160000	1110.6821
21.180000	1102.4214
21.200000	1096.6345
21.220000	1093.5629
21.240000	1092.5040
21.260000	1092.1860
21.280000	1092.1373
21.300000	1092.2244
21.320000	1092.6568
21.340000	1094.5152
21.360000	1098.2841
21.380000	1105.1338
21.400000	1115.2083
21.420000	1128.0021
21.440000	1141.7027
21.460000	1153.5579
21.480000	1161.1382
21.500000	1163.5949
21.520000	1161.9142
21.540000	1158.5739
21.560000	1154.9665
21.580000	1150.7999
21.600000	1144.9764
21.620000	1136.9551
21.640000	1127.4782
21.660000	1118.0803
21.680000	1110.5968
21.700000	1105.9360
21.720000	1104.4228
21.740000	1106.2493
21.760000	1111.2206
21.780000	1119.2697
21.800000	1129.6128
21.820000	1141.3760
21.840000	1153.0278
21.860000	1161.7470
21.880000	1164.0484
21.900000	1158.6378
21.920000	1146.2500
21.940000	1129.9436
21.960000	1114.0364
21.980000	1100.7668
22.000000	1091.1367
22.020000	1085.1047
22.040000	1081.4286
22.060000	1078.7593
22.080000	1076.3929
22.100000	1074.3096
22.120000	1073.2277
22.140000	1073.9890
22.160000	1077.1745
22.180000	1083.1255
22.200000	1091.1552
22.220000	1098.7906
22.240000	1103.5265
22.260000	1103.7726
22.280000	1099.0852
22.300000	1090.8659
22.320000	1081.4676
22.340000	1072.8739
22.360000	1066.6028
22.380000	1063.2929
22.400000	1062.4723
22.420000	1063.2545
22.440000	1065.1530
22.460000	1068.2732
22.480000	1072.5689
22.500000	1078.1480
22.520000	1084.6891
22.540000	1091.2706
22.560000	1097.4090
22.580000	1102.6467
22.600000	1106.1419
22.620000	1107.3577
22.640000	1105.5518
22.660000	1100.6776
22.680000	1093.5501
22.700000	1085.4369
22.720000	1077.4863
22.740000	1070.5372
22.760000	1064.8761
22.780000	1060.8856
22.800000	1058.3450
22.820000	1056.2133
22.840000	1054.8745
22.860000	1054.2238
22.880000	1054.5541
22.900000	1056.4427
22.920000	1060.6164
22.940000	1067.3780
22.960000	1076.1897
22.980000	1085.3071
23.000000	1091.7567
23.020000	1093.6951
23.040000	1090.5072
23.060000	1083.1342
23.080000	1073.9790
23.100000	1065.1205
23.120000	1057.7142
23.140000	1052.5218
23.160000	1049.4499
23.180000	1048.3053
23.200000	1049.6993
23.220000	1053.6406
23.240000	1059.2448
23.260000	1066.2531
23.280000	1073.8267
23.300000	1080.3240
23.320000	1084.8472
23.340000	1086.5704
23.360000	1084.9388
23.380000	1080.3907
23.400000	1073.9750
23.420000	1067.1725
23.440000	1061.3044
23.460000	1057.1553
23.480000	1054.5831
23.500000	1053.8156
23.520000	1054.9700
23.540000	1056.4972
23.560000	1057.9161
23.580000	1059.4367
23.600000	1061.5277
23.620000	1064.8673
23.640000	1069.7644
23.660000	1076.3582
23.680000	1084.0275
23.700000	1091.3015
23.720000	1096.3265
23.740000	1098.2141
23.760000	1097.0406
23.780000	1093.6730
23.800000	1089.1258
23.820000	1083.7678
23.840000	1077.6188
23.860000	1071.3341
23.880000	1065.7753
23.900000	1061.0987
23.920000	1058.2353
23.940000	1057.4915
23.960000	1058.4709
23.980000	1060.6343
24.000000	1064.0733
24.020000	1067.7697
24.040000	1070.7243
24.060000	1072.6757
24.080000	1072.8674
24.100000	1070.9119
24.120000	1066.6662
24.140000	1060.8078
24.160000	1054.6329
24.180000	1049.0970
24.200000	1044.4914
24.220000	1041.0813
24.240000	1038.9387
24.260000	1037.7382
24.280000	1037.4469
24.300000	1037.8416
24.320000	1039.1402
24.340000	1041.6445
24.360000	1045.4096
24.380000	1049.5935
24.400000	1053.5946
24.420000	1056.8528
24.440000	1058.4501
24.460000	1057.8078
24.480000	1055.4311
24.500000	1052.3191
24.520000	1048.8717
24.540000	1045.4183
24.560000	1042.2112
24.580000	1039.4592
24.600000	1037.1398
24.620000	1035.7375
24.640000	1035.5712
24.660000	1036.6834
24.680000	1038.9901
24.700000	1042.2936
24.720000	1046.2989
24.740000	1049.9822
24.760000	1052.3735
24.780000	1052.6017
24.800000	1050.1244
24.820000	1045.1759
24.840000	1039.1814
24.860000	1033.3892
24.880000	1028.3589
24.900000	1024.6345
24.920000	1022.1848
24.940000	1020.3587
24.960000	1018.8659
24.980000	1017.7029
25.000000	1017.0771
25.020000	1017.4178
25.040000	1019.2511
25.060000	1022.2488
25.080000	1026.1023
25.100000	1029.9342
25.120000	1032.4968
25.140000	1033.3536
25.160000	1032.4713
25.180000	1030.3810
25.200000	1027.4436
25.220000	1024.1562
25.240000	1020.9932
25.260000	1018.4887
25.280000	1016.5955
25.300000	1015.6812
25.320000	1015.8542
25.340000	1016.8528
25.360000	1018.3382
25.380000	1020.0452
25.400000	1021.7766
25.420000	1022.6407
25.440000	1022.2719
25.460000	1020.5045
25.480000	1017.5654
25.500000	1013.9501
25.520000	1010.2685
25.540000	1007.1015
25.560000	1004.8034
25.580000	1003.6422
25.600000	1003.3131
25.620000	1003.5572
25.640000	1003.8870
25.660000	1004.4263
25.680000	1005.1944
25.700000	1006.2948
25.720000	1008.0461
25.740000	1010.3965
25.760000	1012.8581
25.780000	1014.8000
25.800000	1015.9626
25.820000	1016.0566
25.840000	1015.2763
25.860000	1014.1865
25.880000	1012.8967
25.900000	1011.7567
25.920000	1010.8150
25.940000	1010.4941
25.960000	1010.6840
25.980000	1011.3806
26.000000	1012.7016
26.020000	1014.8988
26.040000	1017.9305
26.060000	1021.2008
26.080000	1024.2663
26.100000	1026.4115
26.120000	1026.9211
26.140000	1025.2510
26.160000	1021.7355
26.180000	1017.1211
26.200000	1012.2009
26.220000	1007.6568
26.240000	1004.0393
26.260000	1001.8009
26.280000	1000.6511
26.300000	1000.4230
26.320000	1000.9641
26.340000	1001.7808
26.360000	1003.1411
26.380000	1004.8982
26.400000	1006.8834
26.420000	1008.7595
26.440000	1010.1081
26.460000	1010.7069
26.480000	1010.6327
26.500000	1010.0103
26.520000	1008.8186
26.540000	1007.3246
26.560000	1005.6303
26.580000	1003.8389
26.600000	1002.3569
26.620000	1001.5501
26.640000	1001.6675
26.660000	1002.7362
26.680000	1004.8273
26.700000	1007.5730
26.720000	1010.5153
26.740000	1012.6293
26.760000	1013.4976
26.780000	1012.6002
26.800000	1010.1771
26.820000	1006.5843
26.840000	1002.6209
26.860000	999.18372
26.880000	996.39138
26.900000	994.31755
26.920000	992.84581
26.940000	991.77454
26.960000	991.29351
26.980000	991.43246
27.000000	992.41022
27.020000	994.21373
27.040000	996.66918
27.060000	999.15306
27.080000	1001.0614
27.100000	1001.9218
27.120000	1001.3323
27.140000	999.50296
27.160000	996.81133
27.180000	993.82991
27.200000	991.12935
27.220000	988.92283
27.240000	987.50521
27.260000	986.89037
27.280000	987.04784
27.300000	987.81700
27.320000	988.50301
27.340000	988.60406
27.360000	988.02237
27.380000	986.74636
27.400000	984.70371
27.420000	982.33002
27.440000	980.02245
27.460000	978.01931
27.480000	976.49194
27.500000	975.46340
27.520000	974.91865
27.540000	974.75708
27.560000	975.00359
27.580000	975.57251
27.600000	976.38985
27.620000	977.18740
27.640000	977.95242
27.660000	978.78649
27.680000	979.40924
27.700000	979.52321
27.720000	979.01434
27.740000	977.85623
27.760000	976.29455
27.780000	974.40740
27.800000	972.59021
27.820000	971.08854
27.840000	969.97996
27.860000	969.42147
27.880000	969.38891
27.900000	970.03855
27.920000	971.26589
27.940000	973.13741
27.960000	975.54081
27.980000	978.19150
28.000000	980.61666
28.020000	981.93508
28.040000	981.75238
28.060000	979.91677
28.080000	976.83052
28.100000	973.38935
28.120000	970.44857
28.140000	968.14498
28.160000	966.36890
28.180000	965.26399
28.200000	964.87824
28.220000	964.86890
28.240000	965.20926
28.260000	966.00932
28.280000	966.97585
28.300000	967.81754
28.320000	968.23673
28.340000	968.14772
28.360000	967.61913
28.380000	966.87563
28.400000	965.99219
28.420000	965.16754
28.440000	964.54203
28.460000	964.14720
28.480000	964.25904
28.500000	964.87162
28.520000	965.78860
28.540000	966.95062
28.560000	968.23135
28.580000	969.53081
28.600000	970.59521
28.620000	970.95499
28.640000	970.45815
28.660000	969.39944
28.680000	967.92010
28.700000	966.17977
28.720000	964.52903
28.740000	963.08743
28.760000	962.00276
28.780000	961.04806
28.800000	960.30624
28.820000	960.00578
28.840000	960.14833
28.860000	960.81504
28.880000	962.01814
28.900000	963.38838
28.920000	964.55251
28.940000	965.33507
28.960000	965.47236
28.980000	964.95442
29.000000	964.08856
29.020000	963.00779
29.040000	961.96911
29.060000	961.18393
29.080000	960.86338
29.100000	961.12467
29.120000	961.88363
29.140000	962.93970
29.160000	964.04552
29.180000	964.82938
29.200000	965.14944
29.220000	964.69306
29.240000	963.47684
29.260000	961.82108
29.280000	959.89723
29.300000	957.95697
29.320000	956.12550
29.340000	954.57920
29.360000	953.64848
29.380000	953.09144
29.400000	952.83182
29.420000	953.08440
29.440000	953.65006
29.460000	954.60023
29.480000	955.81361
29.500000	956.92934
29.520000	957.66544
29.540000	957.95089
29.560000	957.69035
29.580000	956.81323
29.600000	955.40474
29.620000	953.71836
29.640000	952.04542
29.660000	950.65170
29.680000	949.47222
29.700000	948.57724
29.720000	947.97962
29.740000	947.72401
29.760000	947.86113
29.780000	947.94718
29.800000	947.69399
29.820000	947.16874
29.840000	946.33123
29.860000	945.39291
29.880000	944.39837
29.900000	943.38429
29.920000	942.48304
29.940000	941.74522
29.960000	941.08362
29.980000	940.56024
30.000000	940.35310
30.020000	940.43973
30.040000	940.74533
30.060000	941.20510
30.080000	941.58048
30.100000	941.69649
30.120000	941.55808
30.140000	941.19519
30.160000	940.54767
30.180000	939.92379
30.200000	939.15431
30.220000	938.36675
30.240000	937.74259
30.260000	937.33609
30.280000	937.22342
30.300000	937.21484
30.320000	937.20366
30.340000	937.14130
30.360000	936.72387
30.380000	936.23656
30.400000	935.63814
30.420000	934.75329
30.440000	933.91241
30.460000	933.15969
30.480000	932.45589
30.500000	931.83837
30.520000	931.47023
30.540000	931.21162
30.560000	931.10316
30.580000	931.43006
30.600000	932.19268
30.620000	933.23818
30.640000	934.42405
30.660000	935.55376
30.680000	936.06594
30.700000	935.71318
30.720000	934.70867
30.740000	933.35137
30.760000	931.97619
30.780000	930.71585
30.800000	929.80164
30.820000	929.33232
30.840000	929.18412
30.860000	929.27380
30.880000	929.65319
30.900000	929.86964
30.920000	929.83397
30.940000	929.61145
30.960000	929.25981
30.980000	928.62887
31.000000	927.82795
31.020000	926.93459
31.040000	926.20186
31.060000	925.65505
31.080000	925.36199
31.100000	925.31179
31.120000	925.35049
31.140000	925.61135
31.160000	925.98387
31.180000	926.28510
31.200000	926.63724
31.220000	927.09790
31.240000	927.47510
31.260000	927.61540
31.280000	927.57207
31.300000	927.22345
31.320000	926.77163
31.340000	926.16603
31.360000	925.58328
31.380000	925.05969
31.400000	924.69048
31.420000	924.65674
31.440000	924.80582
31.460000	925.14158
31.480000	925.42856
31.500000	925.41952
31.520000	925.16042
31.540000	924.65911
31.560000	923.90283
31.580000	922.92932
31.600000	921.86113
31.620000	920.88704
31.640000	920.05707
31.660000	919.40019
31.680000	918.94470
31.700000	918.70720
31.720000	918.66201
31.740000	918.78211
31.760000	918.79986
31.780000	918.72954
31.800000	918.64530
31.820000	918.42823
31.840000	918.17892
31.860000	917.95360
31.880000	917.75369
31.900000	917.41921
31.920000	917.07278
31.940000	916.96206
31.960000	917.13072
31.980000	917.33207
32.000000	917.62453
32.020000	918.05832
32.040000	918.19406
32.060000	918.05828
32.080000	917.57098
32.100000	916.79873
32.120000	915.92245
32.140000	914.93282
32.160000	913.96034
32.180000	913.13584
32.200000	912.46189
32.220000	912.05044
32.240000	911.85022
32.260000	911.93336
32.280000	912.10833
32.300000	912.26829
32.320000	912.49734
32.340000	912.36983
32.360000	911.78956
32.380000	911.01531
32.400000	910.27582
32.420000	909.51694
32.440000	908.95620
32.460000	908.55497
32.480000	908.24989
32.500000	908.19613
32.520000	908.29296
32.540000	908.31809
32.560000	908.33160
32.580000	908.20728
32.600000	908.01963
32.620000	907.53064
32.640000	906.82599
32.660000	906.20654
32.680000	905.57782
32.700000	905.01945
32.720000	904.52989
32.740000	904.12535
32.760000	903.84258
32.780000	903.68393
32.800000	903.65754
32.820000	903.73927
32.840000	903.74038
32.860000	903.56277
32.880000	903.23441
32.900000	902.86398
32.920000	902.27929
32.940000	901.58715
32.960000	901.12885
32.980000	900.86227
33.000000	900.73556
33.020000	900.64840
33.040000	900.65617
33.060000	900.72414
33.080000	900.74222
33.100000	900.69729
33.120000	900.53272
33.140000	900.10135
33.160000	899.41628
33.180000	898.82402
33.200000	898.17241
33.220000	897.35981
33.240000	896.66425
33.260000	896.22533
33.280000	895.68549
33.300000	895.32242
33.320000	895.27078
33.340000	895.33652
33.360000	895.41668
33.380000	895.37107
33.400000	895.28886
33.420000	895.24061
33.440000	895.06179
33.460000	894.78701
33.480000	894.56710
33.500000	894.29916
33.520000	894.13744
33.540000	894.07162
33.560000	893.91410
33.580000	893.89625
33.600000	893.89884
33.620000	893.88443
33.640000	893.86764
33.660000	893.80096
33.680000	893.59773
33.700000	893.15273
33.720000	892.63673
33.740000	892.20784
33.760000	891.71710
33.780000	891.12351
33.800000	890.78835
33.820000	890.62101
33.840000	890.63316
33.860000	890.79463
33.880000	891.14493
33.900000	891.39399
33.920000	891.54230
33.940000	891.61266
33.960000	891.40251
33.980000	891.12106
34.000000	890.66915
34.020000	890.14397
34.040000	889.76754
34.060000	889.48948
34.080000	889.35276
34.100000	889.33206
34.120000	889.17823
34.140000	888.93384
34.160000	888.84560
34.180000	888.66014
34.200000	888.33413
34.220000	888.03156
34.240000	887.53697
34.260000	886.92633
34.280000	886.52168
34.300000	886.28549
34.320000	886.13802
34.340000	886.01475
34.360000	885.89535
34.380000	885.93555
34.400000	885.97425
34.420000	885.82436
34.440000	885.76608
34.460000	885.60755
34.480000	885.29298
34.500000	884.90786
34.520000	884.58807
34.540000	884.24813
34.560000	883.95851
34.580000	883.80954
34.600000	883.85837
34.620000	883.87329
34.640000	883.75332
34.660000	883.55904
34.680000	883.41231
34.700000	883.07871
34.720000	882.62185
34.740000	882.14278
34.760000	881.54445
34.780000	880.88741
34.800000	880.35822
34.820000	879.86246
34.840000	879.53073
34.860000	879.42527
34.880000	879.35077
34.900000	879.19049
34.920000	878.95724
34.940000	878.70901
34.960000	878.47410
34.980000	878.12547
35.000000	877.75915
35.020000	877.43580
35.040000	877.08054
35.060000	876.76177
35.080000	876.44697
35.100000	876.25238
35.120000	876.12669
35.140000	876.03305
35.160000	875.92704
35.180000	875.78369
35.200000	875.59114
35.220000	875.24335
35.240000	874.85025
35.260000	874.44836
35.280000	874.04044
35.300000	873.70516
35.320000	873.34738
35.340000	873.11482
35.360000	872.86237
35.380000	872.78446
35.400000	872.83559
35.420000	872.75319
35.440000	872.55052
35.460000	872.19011
35.480000	872.03581
35.500000	871.92051
35.520000	871.64644
35.540000	871.32862
35.560000	870.98164
35.580000	870.81897
35.600000	870.68715
35.620000	870.56203
35.640000	870.39140
35.660000	870.16233
35.680000	869.79143
35.700000	869.48133
35.720000	869.14650
35.740000	868.69183
35.760000	868.28605
35.780000	868.05246
35.800000	867.76777
35.820000	867.50088
35.840000	867.40386
35.860000	867.30816
35.880000	867.26644
35.900000	867.23126
35.920000	867.08344
35.940000	866.94783
35.960000	866.77576
35.980000	866.59342
36.000000	866.27219
36.020000	866.06929
36.040000	865.88490
36.060000	865.76053
36.080000	865.70236
36.100000	865.55649
36.120000	865.47620
36.140000	865.35678
36.160000	865.41048
36.180000	865.22699
36.200000	864.72003
36.220000	864.38148
36.240000	864.00243
36.260000	863.50605
36.280000	863.19006
36.300000	862.81805
36.320000	862.55653
36.340000	862.32598
36.360000	862.21097
36.380000	861.97993
36.400000	861.87952
36.420000	861.67765
36.440000	861.48287
36.460000	861.31694
36.480000	861.06306
36.500000	860.75591
36.520000	860.53672
36.540000	860.45670
36.560000	860.20102
36.580000	860.03366
36.600000	859.99582
36.620000	859.91228
36.640000	859.82601
36.660000	859.70295
36.680000	859.55618
36.700000	859.32565
36.720000	859.03413
36.740000	858.65566
36.760000	858.23029
36.780000	857.82603
36.800000	857.59724
36.820000	857.40300
36.840000	857.09586
36.860000	856.87532
36.880000	856.75920
36.900000	856.72344
36.920000	856.67414
36.940000	856.30737
36.960000	856.08946
36.980000	856.07275
37.000000	855.91663
37.020000	855.75888
37.040000	855.72524
37.060000	855.52220
37.080000	855.36563
37.100000	855.33742
37.120000	855.24711
37.140000	854.98459
37.160000	854.71375
37.180000	854.55570
37.200000	854.27513
37.220000	854.01997
37.240000	853.74749
37.260000	853.42905
37.280000	853.27365
37.300000	853.21563
37.320000	853.11643
37.340000	852.91593
37.360000	852.77739
37.380000	852.81549
37.400000	852.74976
37.420000	852.54389
37.440000	852.25644
37.460000	851.94073
37.480000	851.59546
37.500000	851.23893
37.520000	851.05025
37.540000	850.88615
37.560000	850.60798
37.580000	850.25021
37.600000	850.01610
37.620000	849.78405
37.640000	849.57153
37.660000	849.44660
37.680000	849.23175
37.700000	848.90719
37.720000	848.59072
37.740000	848.24317
37.760000	848.00170
37.780000	847.73843
37.800000	847.48691
37.820000	847.19914
37.840000	846.93408
37.860000	846.74641
37.880000	846.65360
37.900000	846.48029
37.920000	846.39101
37.940000	846.14807
37.960000	845.82607
37.980000	845.70542
38.000000	845.40170
38.020000	845.18381
38.040000	845.00598
38.060000	844.84956
38.080000	844.60491
38.100000	844.38491
38.120000	844.12904
38.140000	843.84285
38.160000	843.54877
38.180000	843.16489
38.200000	842.85260
38.220000	842.65340
38.240000	842.51790
38.260000	842.43926
38.280000	842.18560
38.300000	842.02755
38.320000	841.96668
38.340000	841.84548
38.360000	841.72267
38.380000	841.49357
38.400000	841.14676
38.420000	840.77013
38.440000	840.47239
38.460000	840.33577
38.480000	840.34202
38.500000	840.09703
38.520000	839.87704
38.540000	839.61397
38.560000	839.36170
38.580000	839.25791
38.600000	839.07742
38.620000	838.82519
38.640000	838.47677
38.660000	838.25688
38.680000	837.91331
38.700000	837.62448
38.720000	837.41639
38.740000	837.28339
38.760000	837.24491
38.780000	837.06358
38.800000	836.87689
38.820000	836.72810
38.840000	836.54458
38.860000	836.40200
38.880000	836.26663
38.900000	835.95965
38.920000	835.69679
38.940000	835.44908
38.960000	835.45090
38.980000	835.35250
39.000000	835.04415
39.020000	834.76709
39.040000	834.67158
39.060000	834.60688
39.080000	834.42345
39.100000	834.25983
39.120000	834.04458
39.140000	833.78038
39.160000	833.61994
39.180000	833.42788
39.200000	833.24452
39.220000	833.04715
39.240000	832.86272
39.260000	832.73466
39.280000	832.53836
39.300000	832.36589
39.320000	832.17340
39.340000	831.84727
39.360000	831.59151
39.380000	831.49413
39.400000	831.35789
39.420000	831.31229
39.440000	831.09335
39.460000	830.85325
39.480000	830.81336
39.500000	830.63123
39.520000	830.41129
39.540000	830.13730
39.560000	829.89936
39.580000	829.74329
39.600000	829.52794
39.620000	829.37852
39.640000	829.24665
39.660000	829.15413
39.680000	829.14858
39.700000	828.92973
39.720000	828.74316
39.740000	828.65599
39.760000	828.53194
39.780000	828.36719
39.800000	827.86971
39.820000	827.54034
39.840000	827.39695
39.860000	827.21678
39.880000	826.97376
39.900000	826.71229
39.920000	826.51106
39.940000	826.32781
39.960000	826.16251
39.980000	826.03158
40.000000	825.81549
40.020000	825.57114
40.040000	825.26012
40.060000	825.08430
40.080000	824.95128
40.100000	824.75455
40.120000	824.52632
40.140000	824.43546
40.160000	824.45968
40.180000	824.17692
40.200000	823.87267
40.220000	823.66913
40.240000	823.54866
40.260000	823.31176
40.280000	823.12436
40.300000	822.97515
40.320000	822.63001
40.340000	822.46170
40.360000	822.33849
40.380000	822.13837
40.400000	821.86983
40.420000	821.81863
40.440000	821.67501
40.460000	821.46379
40.480000	821.12345
40.500000	820.96059
40.520000	820.80795
40.540000	820.60262
40.560000	820.44276
40.580000	820.34408
40.600000	820.11630
40.620000	819.88115
40.640000	819.80404
40.660000	819.70969
40.680000	819.35922
40.700000	819.19057
40.720000	819.08840
40.740000	818.97143
40.760000	818.90444
40.780000	818.77256
40.800000	818.50545
40.820000	818.33142
40.840000	818.23369
40.860000	818.03421
40.880000	817.73772
40.900000	817.44579
40.920000	817.25679
40.940000	817.03390
40.960000	816.88609
40.980000	816.65005
41.000000	816.41816
41.020000	816.21910
41.040000	816.08335
41.060000	815.68933
41.080000	815.55600
41.100000	815.50214
41.120000	815.27312
41.140000	815.17384
41.160000	814.95939
41.180000	814.69810
41.200000	814.42336
41.220000	814.32625
41.240000	814.17653
41.260000	814.09215
41.280000	813.89574
41.300000	813.79006
41.320000	813.65326
41.340000	813.35578
41.360000	813.15678
41.380000	812.89812
41.400000	812.73271
41.420000	812.71746
41.440000	812.54467
41.460000	812.17628
41.480000	811.96093
41.500000	811.79991
41.520000	811.65741
41.540000	811.58892
41.560000	811.50594
41.580000	811.24292
41.600000	811.06928
41.620000	811.05744
41.640000	810.80543
41.660000	810.69143
41.680000	810.59946
41.700000	810.30275
41.720000	810.20145
41.740000	810.02244
41.760000	809.78965
41.780000	809.52681
41.800000	809.27189
41.820000	809.00469
41.840000	808.91959
41.860000	808.89324
41.880000	808.76197
41.900000	808.50388
41.920000	808.15483
41.940000	807.93844
41.960000	807.74273
41.980000	807.69988
42.000000	807.63453
42.020000	807.46344
42.040000	807.21069
42.060000	806.96354
42.080000	806.90720
42.100000	806.80732
42.120000	806.64732
42.140000	806.53698
42.160000	806.30759
42.180000	806.24471
42.200000	806.01400
42.220000	805.95029
42.240000	805.63773
42.260000	805.38906
42.280000	805.13190
42.300000	805.07101
42.320000	804.87115
42.340000	804.76410
42.360000	804.67045
42.380000	804.52982
42.400000	804.44816
42.420000	804.27198
42.440000	804.07207
42.460000	803.99585
42.480000	803.79602
42.500000	803.52872
42.520000	803.47886
42.540000	803.46119
42.560000	803.18855
42.580000	802.92006
42.600000	802.87464
42.620000	802.79382
42.640000	802.67550
42.660000	802.36354
42.680000	802.22788
42.700000	802.22192
42.720000	802.09369
42.740000	801.86957
42.760000	801.70757
42.780000	801.64064
42.800000	801.50104
42.820000	801.26174
42.840000	801.12466
42.860000	801.10843
42.880000	801.06761
42.900000	800.90205
42.920000	800.66610
42.940000	800.49118
42.960000	800.28680
42.980000	800.13540
43.000000	799.92965
43.020000	799.85434
43.040000	799.62633
43.060000	799.37569
43.080000	799.15213
43.100000	798.97177
43.120000	798.73527
43.140000	798.55619
43.160000	798.52175
43.180000	798.39043
43.200000	798.23268
43.220000	798.12335
43.240000	797.97356
43.260000	797.81989
43.280000	797.53879
43.300000	797.33950
43.320000	797.13687
43.340000	797.01274
43.360000	796.90377
43.380000	796.91782
43.400000	796.65745
43.420000	796.37740
43.440000	796.22625
43.460000	795.91318
43.480000	795.81444
43.500000	795.73078
43.520000	795.60546
43.540000	795.24167
43.560000	795.04961
43.580000	794.95424
43.600000	794.78793
43.620000	794.66439
43.640000	794.66082
43.660000	794.59444
43.680000	794.36107
43.700000	794.23541
43.720000	794.16811
43.740000	793.90668
43.760000	793.70151
43.780000	793.40466
43.800000	793.29748
43.820000	793.15293
43.840000	792.98351
43.860000	792.91151
43.880000	792.69568
43.900000	792.50366
43.920000	792.37352
43.940000	792.24600
43.960000	792.02050
43.980000	791.90149
44.000000	791.60779
44.020000	791.46177
44.040000	791.38084
44.060000	791.28960
44.080000	791.23128
44.100000	790.87740
44.120000	790.59498
44.140000	790.44496
44.160000	790.40496
44.180000	790.30710
44.200000	790.13017
44.220000	789.88706
44.240000	789.78788
44.260000	789.61239
44.280000	789.42191
44.300000	789.39411
44.320000	789.08095
44.340000	788.91080
44.360000	788.77349
44.380000	788.56514
44.400000	788.37232
44.420000	788.16217
44.440000	787.97862
44.460000	787.83979
44.480000	787.66371
44.500000	787.59839
44.520000	787.76559
44.540000	787.46224
44.560000	787.13974
44.580000	787.04386
44.600000	786.87272
44.620000	786.60544
44.640000	786.69251
44.660000	786.60203
44.680000	786.27866
44.700000	786.08713
44.720000	786.05636
44.740000	785.89997
44.760000	785.63330
44.780000	785.45009
44.800000	785.29489
44.820000	785.09334
44.840000	784.69554
44.860000	784.54465
44.880000	784.59498
44.900000	784.33104
44.920000	784.20955
44.940000	784.17662
44.960000	783.88667
44.980000	783.71490
45.000000	783.78200
45.020000	783.65068
45.040000	783.69312
45.060000	783.48902
45.080000	783.24254
45.100000	783.12974
45.120000	782.87012
45.140000	782.75349
45.160000	782.54988
45.180000	782.47142
45.200000	782.50481
45.220000	782.41384
45.240000	782.17197
45.260000	782.02372
45.280000	781.87178
45.300000	781.59499
45.320000	781.47750
45.340000	781.33446
45.360000	781.38223
45.380000	781.09870
45.400000	780.70825
45.420000	780.79683
45.440000	780.82410
45.460000	780.63153
45.480000	780.58108
45.500000	780.35651
45.520000	780.26492
45.540000	780.08386
45.560000	779.99450
45.580000	779.90220
45.600000	779.58748
45.620000	779.44589
45.640000	779.25586
45.660000	779.25571
45.680000	779.02563
45.700000	778.87510
45.720000	778.78752
45.740000	778.47154
45.760000	778.35426
45.780000	778.19836
45.800000	778.02162
45.820000	777.80139
45.840000	777.61081
45.860000	777.49230
45.880000	777.32021
45.900000	777.35901
45.920000	777.03943
45.940000	776.99234
45.960000	776.90663
45.980000	776.69372
46.000000	776.44307
46.020000	776.36260
46.040000	776.14756
46.060000	776.06441
46.080000	776.01385
46.100000	775.87894
46.120000	775.70584
46.140000	775.53646
46.160000	775.49302
46.180000	775.13732
46.200000	775.05998
46.220000	775.03262
46.240000	774.80560
46.260000	774.72920
46.280000	774.64257
46.300000	774.42193
46.320000	774.20009
46.340000	774.07331
46.360000	773.88649
46.380000	773.92150
46.400000	773.82218
46.420000	773.58586
46.440000	773.42488
46.460000	773.20783
46.480000	773.16179
46.500000	772.75303
46.520000	772.56622
46.540000	772.55826
46.560000	772.28567
46.580000	772.22295
46.600000	772.11197
46.620000	771.91606
46.640000	771.88393
46.660000	771.81578
46.680000	771.48506
46.700000	771.33484
46.720000	771.08115
46.740000	771.00216
46.760000	770.86121
46.780000	770.83969
46.800000	770.67777
46.820000	770.42082
46.840000	770.18466
46.860000	770.04359
46.880000	769.85468
46.900000	769.74531
46.920000	769.68943
46.940000	769.55723
46.960000	769.49144
46.980000	769.26482
47.000000	769.26841
47.020000	769.09602
47.040000	768.87501
47.060000	768.78466
47.080000	768.60027
47.100000	768.61137
47.120000	768.32432
47.140000	768.31993
47.160000	768.23650
47.180000	768.08930
47.200000	767.92529
47.220000	767.64573
47.240000	767.52978
47.260000	767.41003
47.280000	767.35271
47.300000	767.20451
47.320000	767.06393
47.340000	766.67118
47.360000	766.61402
47.380000	766.56300
47.400000	766.44714
47.420000	766.31473
47.440000	766.07183
47.460000	765.98058
47.480000	765.89791
47.500000	765.88247
47.520000	765.55186
47.540000	765.50222
47.560000	765.44642
47.580000	765.29100
47.600000	765.09373
47.620000	764.90055
47.640000	764.98478
47.660000	764.71106
47.680000	764.65696
47.700000	764.51786
47.720000	764.38248
47.740000	764.24400
47.760000	764.03153
47.780000	763.74736
47.800000	763.76491
47.820000	763.64047
47.840000	763.43333
47.860000	763.29932
47.880000	763.08797
47.900000	762.85638
47.920000	762.92133
47.940000	762.77075
47.960000	762.58889
47.980000	762.58241
48.000000	762.44599
48.020000	762.16463
48.040000	762.12712
48.060000	762.17683
48.080000	761.81515
48.100000	761.77458
48.120000	761.55325
48.140000	761.36856
48.160000	761.30052
48.180000	761.33111
48.200000	761.03916
48.220000	760.77584
48.240000	760.72472
48.260000	760.83428
48.280000	760.70990
48.300000	760.51308
48.320000	760.19560
48.340000	760.01479
48.360000	760.05155
48.380000	759.88788
48.400000	759.77745
48.420000	759.60900
48.440000	759.28515
48.460000	759.20995
48.480000	759.16963
48.500000	758.88950
48.520000	758.88641
48.540000	758.67139
48.560000	758.51666
48.580000	758.40347
48.600000	758.29428
48.620000	758.15535
48.640000	757.83893
48.660000	757.76029
48.680000	757.83415
48.700000	757.61964
48.720000	757.45758
48.740000	757.38517
48.760000	757.20308
48.780000	757.06173
48.800000	756.84429
48.820000	756.70665
48.840000	756.54860
48.860000	756.48858
48.880000	756.50540
48.900000	756.33699
48.920000	756.24747
48.940000	755.95760
48.960000	755.85517
48.980000	755.78764
49.000000	755.56208
49.020000	755.49607
49.040000	755.39122
49.060000	755.15305
49.080000	755.09709
49.100000	755.05785
49.120000	754.76692
49.140000	754.70650
49.160000	754.61254
49.180000	754.40509
49.200000	754.16455
49.220000	753.96188
49.240000	753.91866
49.260000	753.91711
49.280000	753.90005
49.300000	753.56707
49.320000	753.26353
49.340000	753.24724
49.360000	753.33374
49.380000	753.08799
49.400000	752.96721
49.420000	752.87664
49.440000	752.60463
49.460000	752.48163
49.480000	752.29590
49.500000	752.27115
49.520000	752.17530
49.540000	752.05170
49.560000	751.87815
49.580000	751.68334
49.600000	751.55107
49.620000	751.60442
49.640000	751.36766
49.660000	751.18004
49.680000	750.99814
49.700000	751.07822
49.720000	751.01626
49.740000	750.50547
49.760000	750.20607
49.780000	750.24530
49.800000	750.24252
49.820000	749.97556
49.840000	749.79052
49.860000	749.64335
49.880000	749.73731
49.900000	749.68449
49.920000	749.19331
49.940000	749.44391
49.960000	749.22125
49.980000	748.83846
50.000000	748.87065
50.020000	748.68098
50.040000	748.69733
50.060000	748.57285
50.080000	748.43182
50.100000	748.23909
50.120000	748.32478
50.140000	748.24800
50.160000	747.80719
50.180000	747.56995
50.200000	747.55568
50.220000	747.53010
50.240000	747.62562
50.260000	747.38616
50.280000	747.16789
50.300000	746.89967
50.320000	746.70570
50.340000	746.43765
50.360000	746.52023
50.380000	746.45036
50.400000	746.30144
50.420000	746.17636
50.440000	745.97354
50.460000	745.91637
50.480000	745.77602
50.500000	745.69089
50.520000	745.69143
50.540000	745.57580
50.560000	745.45762
50.580000	745.41150
50.600000	745.17666
50.620000	745.11057
50.640000	745.09131
50.660000	744.73481
50.680000	744.39815
50.700000	744.04469
50.720000	744.13648
50.740000	744.32940
50.760000	744.26200
50.780000	744.13670
50.800000	743.95173
50.820000	743.83340
50.840000	743.68014
50.860000	743.61519
50.880000	743.49510
50.900000	743.37202
50.920000	743.26260
50.940000	742.99435
50.960000	742.88395
50.980000	742.89854
51.000000	742.73519
51.020000	742.50686
51.040000	742.51245
51.060000	742.51356
51.080000	742.50016
51.100000	742.21203
51.120000	742.02108
51.140000	741.93318
51.160000	741.77114
51.180000	741.67631
51.200000	741.71005
51.220000	741.51517
51.240000	741.29470
51.260000	741.25413
51.280000	741.09919
51.300000	741.07486
51.320000	740.91507
51.340000	740.89389
51.360000	740.65207
51.380000	740.47144
51.400000	740.43291
51.420000	740.25107
51.440000	740.14954
51.460000	739.97750
51.480000	739.84218
51.500000	739.77090
51.520000	739.73777
51.540000	739.76797
51.560000	739.57032
51.580000	739.47505
51.600000	739.17777
51.620000	739.14616
51.640000	739.05830
51.660000	738.88439
51.680000	738.68956
51.700000	738.58731
51.720000	738.52163
51.740000	738.48478
51.760000	738.16050
51.780000	738.03640
51.800000	737.83882
51.820000	737.57249
51.840000	737.60241
51.860000	737.44664
51.880000	737.47455
51.900000	737.38259
51.920000	737.07960
51.940000	737.03786
51.960000	736.79024
51.980000	736.73561
52.000000	736.75451
52.020000	736.55151
52.040000	736.40596
52.060000	736.11060
52.080000	736.15593
52.100000	736.01192
52.120000	735.94536
52.140000	735.96236
52.160000	735.54281
52.180000	735.33101
52.200000	735.26726
52.220000	735.22924
52.240000	735.27787
52.260000	735.12923
52.280000	734.97284
52.300000	734.82230
52.320000	734.66957
52.340000	734.59737
52.360000	734.55039
52.380000	734.32216
52.400000	734.22142
52.420000	734.01343
52.440000	733.87842
52.460000	733.75819
52.480000	733.70656
52.500000	733.59197
52.520000	733.27993
52.540000	733.18871
52.560000	733.01359
52.580000	732.92525
52.600000	732.89270
52.620000	732.83502
52.640000	732.56414
52.660000	732.43436
52.680000	732.51880
52.700000	732.39816
52.720000	732.16895
52.740000	731.97636
52.760000	731.82973
52.780000	731.75096
52.800000	731.54193
52.820000	731.56004
52.840000	731.18810
52.860000	731.24876
52.880000	731.16521
52.900000	731.07204
52.920000	730.83197
52.940000	730.75773
52.960000	730.65060
52.980000	730.53476
53.000000	730.16324
53.020000	729.82899
53.040000	729.88900
53.060000	729.87096
53.080000	729.57454
53.100000	729.48864
53.120000	729.19269
53.140000	729.19345
53.160000	729.19969
53.180000	729.10647
53.200000	728.96730
53.220000	728.92278
53.240000	728.96769
53.260000	728.56239
53.280000	728.39283
53.300000	728.28384
53.320000	728.20029
53.340000	728.08627
53.360000	727.92129
53.380000	727.55576
53.400000	727.57706
53.420000	727.72620
53.440000	727.30256
53.460000	727.10959
53.480000	727.15992
53.500000	726.95611
53.520000	726.98864
53.540000	726.66956
53.560000	726.46192
53.580000	726.52724
53.600000	726.45621
53.620000	726.35038
53.640000	725.93861
53.660000	725.90284
53.680000	725.91750
53.700000	725.73098
53.720000	725.38287
53.740000	725.37572
53.760000	725.38819
53.780000	725.32169
53.800000	725.05720
53.820000	725.09307
53.840000	724.94367
53.860000	724.74784
53.880000	724.66419
53.900000	724.28822
53.920000	724.16557
53.940000	724.18681
53.960000	724.21807
53.980000	724.05723
54.000000	723.97177
54.020000	723.70326
54.040000	723.76922
54.060000	723.49724
54.080000	723.31188
54.100000	723.06911
54.120000	722.87666
54.140000	723.05667
54.160000	722.78608
54.180000	722.60939
54.200000	722.54818
54.220000	722.54009
54.240000	722.32133
54.260000	722.00641
54.280000	721.88061
54.300000	721.82494
54.320000	721.83917
54.340000	721.81798
54.360000	721.61882
54.380000	721.45562
54.400000	721.30760
54.420000	721.18371
54.440000	721.17185
54.460000	720.88133
54.480000	720.95447
54.500000	720.65022
54.520000	720.81395
54.540000	720.62930
54.560000	720.45893
54.580000	720.39989
54.600000	720.20015
54.620000	720.25192
54.640000	720.17516
54.660000	719.70161
54.680000	719.83707
54.700000	719.66700
54.720000	719.57908
54.740000	719.60327
54.760000	719.28497
54.780000	719.17250
54.800000	719.10572
54.820000	719.00512
54.840000	718.79247
54.860000	718.84066
54.880000	718.46682
54.900000	718.54847
54.920000	718.32782
54.940000	718.13104
54.960000	718.15170
54.980000	717.96416
55.000000	717.91393
55.020000	717.98592
55.040000	717.67321
55.060000	717.72932
55.080000	717.45116
55.100000	717.21317
55.120000	717.15404
55.140000	717.06951
55.160000	717.03838
55.180000	716.87383
55.200000	716.50884
55.220000	716.29987
55.240000	716.17554
55.260000	716.05910
55.280000	716.28676
55.300000	716.09567
55.320000	716.06055
55.340000	715.66579
55.360000	715.53803
55.380000	715.50626
55.400000	715.45446
55.420000	715.30783
55.440000	715.03255
55.460000	714.96816
55.480000	715.04604
55.500000	715.00038
55.520000	714.79780
55.540000	714.64267
55.560000	714.30892
55.580000	714.25119
55.600000	714.24307
55.620000	713.94551
55.640000	713.96165
55.660000	713.83695
55.680000	713.82191
55.700000	713.51530
55.720000	713.39394
55.740000	713.17001
55.760000	713.02182
55.780000	712.88700
55.800000	712.56036
55.820000	712.62617
55.840000	712.71452
55.860000	712.76388
55.880000	712.56883
55.900000	712.56652
55.920000	712.26330
55.940000	712.00191
55.960000	712.09085
55.980000	712.04528
56.000000	711.98052
56.020000	711.85021
56.040000	711.52746
56.060000	711.41662
56.080000	711.16971
56.100000	711.21165
56.120000	711.01923
56.140000	710.87701
56.160000	711.10060
56.180000	710.98812
56.200000	710.43234
56.220000	710.24131
56.240000	710.43249
56.260000	710.29011
56.280000	709.91332
56.300000	710.06867
56.320000	710.08132
56.340000	709.68879
56.360000	709.50930
56.380000	709.33084
56.400000	709.13278
56.420000	709.14239
56.440000	709.16773
56.460000	709.02984
56.480000	709.02119
56.500000	708.88461
56.520000	708.93768
56.540000	708.78373
56.560000	708.46104
56.580000	708.43801
56.600000	708.54512
56.620000	708.46661
56.640000	708.41018
56.660000	707.89708
56.680000	707.84170
56.700000	708.17662
56.720000	708.07198
56.740000	707.72591
56.760000	707.73222
56.780000	707.35951
56.800000	707.21580
56.820000	707.38997
56.840000	707.26933
56.860000	707.01040
56.880000	706.76831
56.900000	706.98056
56.920000	706.83413
56.940000	706.67252
56.960000	706.59803
56.980000	706.31001
57.000000	706.13875
57.020000	706.02100
57.040000	706.02686
57.060000	705.92680
57.080000	705.88398
57.100000	705.67676
57.120000	705.75071
57.140000	705.44216
57.160000	705.56110
57.180000	705.23535
57.200000	705.03951
57.220000	704.76897
57.240000	704.46674
57.260000	704.62738
57.280000	704.64195
57.300000	704.50761
57.320000	704.23711
57.340000	704.03310
57.360000	704.11120
57.380000	704.16171
57.400000	703.83852
57.420000	703.78886
57.440000	703.71857
57.460000	703.81629
57.480000	703.37524
57.500000	703.29332
57.520000	703.51383
57.540000	703.37279
57.560000	703.24452
57.580000	702.93262
57.600000	702.94339
57.620000	702.63154
57.640000	702.64993
57.660000	702.72759
57.680000	702.58862
57.700000	702.34450
57.720000	702.38457
57.740000	702.12970
57.760000	701.96187
57.780000	701.95464
57.800000	701.71534
57.820000	701.72942
57.840000	701.70468
57.860000	701.51204
57.880000	701.39906
57.900000	701.25549
57.920000	701.36309
57.940000	701.06961
57.960000	701.17592
57.980000	700.93541
58.000000	700.86003
58.020000	700.80027
58.040000	700.59325
58.060000	700.27269
58.080000	700.25793
58.100000	700.32179
58.120000	700.06764
58.140000	700.27274
58.160000	700.03261
58.180000	700.00098
58.200000	699.91206
58.220000	699.87433
58.240000	699.81261
58.260000	699.55577
58.280000	699.31816
58.300000	699.24032
58.320000	699.23207
58.340000	699.12444
58.360000	699.10222
58.380000	698.64834
58.400000	698.65160
58.420000	698.51445
58.440000	698.53606
58.460000	698.23775
58.480000	698.21103
58.500000	698.01728
58.520000	697.95348
58.540000	697.83104
58.560000	697.99211
58.580000	697.73736
58.600000	697.55565
58.620000	697.35217
58.640000	697.62530
58.660000	697.26495
58.680000	697.50806
58.700000	697.44357
58.720000	697.02227
58.740000	697.04558
58.760000	696.77365
58.780000	696.78625
58.800000	696.56638
58.820000	696.70513
58.840000	696.54828
58.860000	696.47894
58.880000	696.71085
58.900000	695.74515
58.920000	695.92037
58.940000	695.61996
58.960000	695.60948
58.980000	695.46112
59.000000	695.53895
59.020000	695.45294
59.040000	695.51755
59.060000	695.52144
59.080000	695.35874
59.100000	694.95777
59.120000	695.17204
59.140000	695.22939
59.160000	694.97808
59.180000	694.97608
59.200000	695.13793
59.220000	694.71940
59.240000	694.77212
59.260000	694.50363
59.280000	694.41163
59.300000	694.57076
59.320000	694.58367
59.340000	694.39412
59.360000	694.45825
59.380000	694.07572
59.400000	694.19788
59.420000	693.98198
59.440000	693.86729
59.460000	693.83495
59.480000	693.79998
59.500000	693.90160
59.520000	693.67294
59.540000	693.63987
59.560000	693.86521
59.580000	693.44872
59.600000	693.49205
59.620000	693.38672
59.640000	693.32387
59.660000	692.87345
59.680000	692.73588
59.700000	693.07320
59.720000	693.01558
59.740000	692.63590
59.760000	692.75257
59.780000	692.48869
59.800000	692.43182
59.820000	692.49751
59.840000	692.40165
59.860000	692.06272
59.880000	691.76972
59.900000	691.92096
59.920000	691.94191
59.940000	691.40337
59.960000	691.72957
59.980000	691.64487
60.000000	691.59034
